# npa(1) npo(2) tsa(3) cta(4) wta(5) tso(6) cto(7) wto(8) tsr(9) ctr(10) wtr(11) 
# sypd(12) syph(13) chpsy(14) elapsed_time(15) sbu(16) simulation_name(17) 
# 

# N=1
 63.0  62.0 1174.182 632.208 515.602 1174.183 1138.037  0.120 1174.180  0.689 1148.631  6.110  3.928 494.926 1200.551 794.560 (oass)
 42.0  83.0 895.539 862.625 13.734 895.539 848.553 15.033 895.539  2.658 874.525  7.950  3.019 380.377 922.630 610.624 (oasx)

# N=2
175.0  77.0 1686.081 284.071 627.296 1685.800 908.971  0.215 1685.799 -3.374 917.591  4.290  5.594 1415.385 1709.772 2272.135 (oasy)
126.0 127.0 1291.960 382.046 33.038 1292.243 411.935  0.212 1291.958  5.341 412.881  5.570  4.309 1094.434 1317.140 1757.280 (oast)
100.0 154.0 1247.386 344.231  8.295 1247.386 346.712  0.022 1247.386  3.312 352.872  5.770  4.159 1060.659 1271.556 1703.142 (oasu)
 78.0 174.0 1397.582 522.449 13.694 1397.582 421.511 100.129 1397.582  5.414 533.069  5.150  4.660 1179.029 1425.766 1894.716 (oasw)

# N=4
256.0 249.0 1050.722 210.655 80.566 1050.721 292.987  1.714 1050.720 -0.943 303.811  6.810  3.524 1783.260 1077.884 2864.825 (oasv)
