1     0.4880952380952381 84.0  41.0  1625.256 515.85 1077.165 1625.256 1574.587 9.628 1625.253 -0.092 1594.579 4.45  5.393258426966292 679.5505617977528 1647.905462 1090.6320999305424 
1     0.9841269841269841 63.0  62.0  1166.123 652.433 487.803 1166.123 1130.721 0.134 1166.12 2.081 1139.659 6.18  3.883495145631068 489.3203883495146 1187.78596 786.1115371573513 
1     1.3518518518518519 54.0  73.0  649.526 482.165 148.192 649.946 622.861 0.031 649.525 2.136 629.829 11.01 2.1798365122615806 279.0190735694823 666.221086 447.92343114478297 
1     1.9761904761904763 42.0  83.0  929.99 895.9 13.798 929.99 862.543 34.116 929.989 2.645 908.237 7.69  3.120936280884265 393.23797139141743 954.532785 631.7377542359883 
1     2.5   36.0  90.0  823.887 795.803 7.956 823.887 603.987 192.683 823.887 2.829 802.301 8.6   2.7906976744186047 354.4186046511628 853.09356 569.0832747649202 
1     3.1666666666666665 30.0  95.0  1155.729 1123.73 11.674 1155.729 761.656 359.727 1155.727 0.391 1134.995 6.24  3.846153846153846 484.6153846153846 1175.789195 778.1717267094608 
1     3.5   28.0  98.0  1035.665 1008.719 7.073 1035.665 555.903 452.214 1035.665 1.09  1016.197 6.93  3.463203463203463 439.82683982683983 1058.89321 706.3684967603534 
2     0.44  175.0 77.0  972.638 287.844 656.067 972.512 937.084 0.361 972.511 -1.203 947.239 7.35  3.2653061224489797 826.1224489795918 998.345629 1326.7126788738296 
2     1.007936507936508 126.0 127.0 440.326 380.771 37.892 439.687 413.402 0.476 440.326 5.644 414.443 15.81 1.5180265654648957 385.5787476280835 464.244177 619.3777773629079 
2     1.3   110.0 143.0 453.58 410.781 23.376 453.58 419.277 3.898 453.579 4.868 430.806 15.32 1.566579634464752 397.911227154047 479.131393 639.2397620985862 
2     1.54  100.0 154.0 375.343 346.122 9.445 375.343 346.903 1.486 375.343 3.719 353.834 18.33 1.309328968903437 333.87888707037644 400.324994 536.2018694257771 
2     1.9534883720930232 86.0  168.0 407.067 378.979 8.721 407.556 379.975 0.686 407.067 3.395 386.746 16.9  1.4201183431952664 362.13017751479293 434.166313 581.5294876949329 
2     2.513888888888889 72.0  181.0 595.867 557.641 14.497 596.107 434.298 123.706 595.867 4.414 569.329 11.78 2.037351443123939 517.4872665534805 623.097362 831.3139470056319 
3     0.4980392156862745 255.0 127.0 442.872 165.229 241.339 442.87 408.024 8.866 442.871 -6.407 421.174 15.8  1.5189873417721518 581.7721518987341 464.51977 934.4980808922937 
3     1.0052631578947369 190.0 191.0 297.517 243.653 29.626 297.517 270.082 0.082 297.517 -0.171 275.895 23.14 1.0371650821089022 396.19706136560063 317.13864 636.3381483742901 
3     1.5466666666666666 150.0 232.0 269.979 242.629 9.38  269.978 223.766 20.203 269.978 2.209 251.867 25.32 0.9478672985781991 363.0331753554502 289.824993 583.0557001979108 
3     2.0725806451612905 124.0 257.0 372.183 340.352 13.621 372.19 208.232 134.347 372.182 7.126 350.484 18.73 1.2813667912439937 489.4821142552056 391.831861 786.2099708278756 
3     2.463636363636364 110.0 271.0 397.56 362.302 16.395 397.564 240.952 123.107 397.56 4.597 377.373 17.54 1.3683010262257698 522.6909920182441 418.432851 839.5848125738169 
4     0.5178571428571429 336.0 174.0 342.235 145.837 155.816 342.235 297.98 10.81 342.232 -13.561 320.825 19.97 1.2018027040560841 614.121181772659 367.390533 986.1075837387435 
4     1.0158102766798418 253.0 257.0 230.202 165.199 35.033 230.202 200.692 0.062 230.202 -5.982 210.175 28.85 0.8318890814558059 425.0953206239168 254.346588 682.6879758626596 
4     1.4471153846153846 208.0 301.0 259.132 226.766 6.934 259.132 172.912 55.839 259.132 -4.504 240.424 25.82 0.9295120061967467 474.0511231603408 284.161694 761.2216765161339 
4     2.0   170.0 340.0 253.497 217.218 14.059 253.497 153.786 67.589 253.497 0.521 234.482 26.48 0.9063444108761329 463.1419939577039 277.134896 743.8537417736019 
4     2.5277777777777777 144.0 364.0 344.48 305.987 17.259 344.485 196.691 112.262 344.478 2.286 324.413 19.93 1.2042147516307076 612.9453085800302 368.128149 984.2201384122536 
4     3.1983471074380163 121.0 387.0 390.757 346.63 20.212 390.761 182.816 169.026 390.755 4.358 369.463 17.71 1.3551665725578768 689.7797854319592 414.423917 1107.995588109966 

