# nodes(1) npo/npa(2) npa(3) npo(4) sypd(5) syph(6) chpsy(7) elapsed_time(8) sbu(9) 
# 

# N=1
1     0.4880952380952381 84.0  41.0  4.45  5.393258426966292 679.5505617977528 1647.905462 1090.6320999305424 (LB01)
1     0.9841269841269841 63.0  62.0  6.18  3.883495145631068 489.3203883495146 1187.78596 786.1115371573513 (LB02)
1     1.3518518518518519 54.0  73.0  11.01 2.1798365122615806 279.0190735694823 666.221086 447.92343114478297 (LB03)
1     1.9761904761904763 42.0  83.0  7.69  3.120936280884265 393.23797139141743 954.532785 631.7377542359883 (LB04)
1     2.5   36.0  90.0  8.6   2.7906976744186047 354.4186046511628 853.09356 569.0832747649202 (LB05)
1     3.1666666666666665 30.0  95.0  6.24  3.846153846153846 484.6153846153846 1175.789195 778.1717267094608 (LB07)
1     3.5   28.0  98.0  6.93  3.463203463203463 439.82683982683983 1058.89321 706.3684967603534 (LB06)

# N=2
2     0.44  175.0 77.0  7.35  3.2653061224489797 826.1224489795919 998.345629 1326.7126788738296 (LB10)
2     1.007936507936508 126.0 127.0 15.81 1.5180265654648957 385.5787476280835 464.244177 619.3777773629079 (LB11)
2     1.3   110.0 143.0 15.32 1.566579634464752 397.91122715404697 479.131393 639.2397620985862 (LB12)
2     1.54  100.0 154.0 18.33 1.309328968903437 333.87888707037644 400.324994 536.2018694257771 (LB13)
2     1.9534883720930232 86.0  168.0 16.9  1.4201183431952664 362.13017751479293 434.166313 581.5294876949329 (LB14)
2     2.513888888888889 72.0  181.0 11.78 2.037351443123939 517.4872665534805 623.097362 831.3139470056319 (LB15)
2     3.0317460317460316 63.0  191.0 13.33 1.800450112528132 459.11477869467365 550.417207 737.2378437043451 (LB16)

# N=3
3     0.4980392156862745 255.0 127.0 15.8  1.5189873417721518 581.7721518987341 464.51977 934.4980808922937 (LB21)
3     1.0052631578947369 190.0 191.0 23.14 1.0371650821089022 396.1970613656007 317.13864 636.3381483742901 (LB22)
3     1.5466666666666666 150.0 232.0 25.32 0.9478672985781991 363.0331753554502 289.824993 583.0557001979108 (LB23)
3     1.8863636363636365 132.0 249.0 18.47 1.2994044396318354 496.37249593936116 397.192679 796.9664431388233 (LB26)
3     2.0725806451612905 124.0 257.0 18.73 1.2813667912439937 489.48211425520554 391.831861 786.2099708278756 (LB24)
3     2.463636363636364 110.0 271.0 17.54 1.3683010262257698 522.6909920182441 418.432851 839.5848125738169 (LB25)

# N=4
4     0.5178571428571429 336.0 174.0 19.97 1.2018027040560841 614.121181772659 367.390533 986.1075837387435 (LB31)
4     0.7612456747404844 289.0 220.0 24.45 0.9815950920245399 500.6134969325154 300.164208 804.0897364720013 (LB37)
4     1.0158102766798418 253.0 257.0 28.85 0.8318890814558059 425.0953206239168 254.346588 682.6879758626596 (LB32)
4     1.0158102766798418 253.0 257.0 23.11 1.038511466897447 530.6793595845954 317.586671 852.429762438765 (LC32)
4     1.4471153846153846 208.0 301.0 25.82 0.9295120061967467 474.0511231603408 284.161694 761.2216765161339 (LB33)
4     2.0   170.0 340.0 26.48 0.9063444108761329 463.1419939577039 277.134896 743.8537417736019 (LB34)
4     2.5277777777777777 144.0 364.0 19.93 1.2042147516307076 612.9453085800301 368.128149 984.2201384122536 (LB35)
4     3.1983471074380163 121.0 387.0 17.71 1.3551665725578768 689.7797854319593 414.423917 1107.995588109966 (LB36)

