#
# gridID 1
#
gridtype  = gaussian_reduced
gridsize  = 13280
xsize     = 2
ysize     = 96
xname     = lon
xlongname = "longitude"
xunits    = "degrees_east"
yname     = lat
ylongname = "latitude"
yunits    = "degrees_north"
numLPE    = 48
xvals     = 0 358.125 
yvals     = 88.5721685140073 86.7225309546681 84.8619702920424 82.9989416428376 81.1349768376774 
            79.2705590348597 77.4058880820788 75.5410614528789 73.6761323132091 71.8111321142745 
            69.9460806469834 68.0809909856513 66.2158721139987 64.3507304088721 62.4855705220364 
            60.6203959268265 58.7552092693799 56.8900126013571 55.0248075383117 53.1595953700197 
            51.2943771389511 49.429153697123 47.5639257479787 45.6986938777018 43.8334585789513 
            41.9682202690754 40.1029793042494 38.2377359905648 36.3724905928122 34.507243341501 
            32.6419944385177 30.7767440617232 28.9114923687177 27.0462394999448 25.1809855812706 
            23.3157307261409 21.4504750373982 19.5852186088223 17.7199615264474 15.8547038696949 
            13.9894457123567 12.1241871234558 10.2589281680064 8.39366890769238 6.52840940147999 
            4.66314970617788 2.79788987695674 0.932629967837991 -0.932629967837991 
            -2.79788987695674 -4.66314970617788 -6.52840940147999 -8.39366890769238 
            -10.2589281680064 -12.1241871234558 -13.9894457123567 -15.8547038696949 
            -17.7199615264474 -19.5852186088223 -21.4504750373982 -23.3157307261409 
            -25.1809855812706 -27.0462394999448 -28.9114923687177 -30.7767440617232 
            -32.6419944385177 -34.507243341501 -36.3724905928122 -38.2377359905648 
            -40.1029793042494 -41.9682202690754 -43.8334585789513 -45.6986938777018 
            -47.5639257479787 -49.429153697123 -51.2943771389511 -53.1595953700197 
            -55.0248075383117 -56.8900126013571 -58.7552092693799 -60.6203959268265 
            -62.4855705220364 -64.3507304088721 -66.2158721139987 -68.0809909856513 
            -69.9460806469834 -71.8111321142745 -73.6761323132091 -75.5410614528789 
            -77.4058880820788 -79.2705590348597 -81.1349768376774 -82.9989416428376 
            -84.8619702920424 -86.7225309546681 -88.5721685140073 
reducedPoints = 20 25 36 40 45 50 60 60 72 75 80 90 96 100 108 120 120 120 128 135 
                144 144 160 160 160 160 160 180 180 180 180 180 192 192 192 192 192 
                192 192 192 192 192 192 192 192 192 192 192 192 192 192 192 192 192 
                192 192 192 192 192 192 192 192 192 192 180 180 180 180 180 160 160 
                160 160 160 144 144 135 128 120 120 120 108 100 96 90 80 75 72 60 
                60 50 45 40 36 25 20 
